0.0, -45.0; 2.0, 10.0;
-10.0, -45.0; 6.0, 6.0;
5.0, -45.0; 4.0, 8.0;
-75.0,130.0; 315.0,5.0;
-80.0,-50.0; 5.0,195.0;
-75.0,-50.0; 315.0,5.0;
240.0,-50.0; 5.0,195.0;
-40.0,-45.0; 20.0,45.0;
-80.0,-45.0; 40.0,65.0;
10.0,-45.0; 10.0,25.0;
20.0,-45.0; 35.0,45.0;
40.0,-45.0; 40.0,85.0;
-75.0,40.0; 20.0,5.0;
-40.0,60.0; 80.0,5.0;
40.0,65.0; 60.0,5.0;
80.0,35.0; 20.0,30.0;

110.0,75.0; 5.0,5.0;
125.0,75.0; 5.0,5.0;
140.0,75.0; 5.0,5.0;
155.0,75.0; 5.0,5.0;
170.0.0,65.0; 25.0,15.0;

100.0,35.0; 110.0,5.0;
100.0,10.0; 140.0,5.0;
80.0,-10.0; 140.0,5.0;
100.0,-30.0; 140.0,5.0;
-20.0,-45.0; 10.0,25.0;