-50.0, -25.0; 2.0, 10.0;
-60.0, -25.0; 6.0, 6.0;
-40.0, -25.0; 4.0, 8.0;
-80.0,-55.0; 325.0,5.0;
-80.0,-25.0; 5.0,95.0;
-75.0,65.0; 320.0,5.0;
240.0,-30.0; 5.0,95.0;
-80.0,-50.0; 50.0,45.0;
-10.0,-42.0; 75.0,47.0;
70.0,15.0; 80.0,30.0;
70.0,-15.0; 25.0,30,0;
95.0,-5.0; 30.0,20.0;
125.0,5.0; 25.0,10.0;
100.0,-50.0; 145.0,20.0;
115.0,-30.0; 65.0,10.0;
135.0,-20.0; 45.0,10.0;
205.0,-30.0; 35.0,15.0;
225.0,-15.0; 15.0,15.0;
195.0,5.0; 20.0,5.0;
165.0,10.0; 20.0,5.0;
150.0,25.0; 15.0,5.0;
180.0,35.0; 20.0,5.0;
200.0,40.0; 40.0,5.0;