-60.0, 135.0; 2.0, 10.0;
-69.0, 135.0; 6.0, 6.0;
-74.0, 135.0; 4.0, 8.0;
-75.0,135.0; 315.0,5.0;
-80.0,-55.0; 5.0,195.0;
-75.0,-55.0; 315.0,5.0;
240.0,-55.0; 5.0,195.0;
-75.0,110.0; 20.0,5.0;
-40.0,100.0; 20.0,35.0;
-20.0,112.0; 85.0,22.0;
-65.0,80.0; 10.0,5.0;
-45.0,65.0; 40.0,20.0;
-5.0,70.0; 65.0,35.0;
-75.0,20.0; 15.0,35.0;
-75.0,5.0; 65.0,15.0;
-45.0,20.0; 25.0,5.0;
-20.0,20.0; 25.0,10.0;
5.0,20.0; 40.0,30.0;
50.0,20.0; 40.0,25.0;
70.0,95.0; 20.0,10.0;
100.0,85.0; 20.0,10.0;
90.0,20.0; 20.0,45.0;
145.0,10.0; 15.0,125.0;
125.0,30.0; 20.0,10.0;
-75.0,-50.0; 35.0,30.0;
-40.0,-50.0; 35.0,15.0;
-5.0,-50.0;15.0,10.0;
35.0,-42.0; 60.0,25.0;
120.0,-55.0; 45.0,10.0;
165.0,-55.0; 30.0,25.0;
195.0,-55.0; 30.0,40.0;
225.0,-55.0; 15.0,70.0;