0.0, 30.0; 2.0, 10.0;
-30.0, 30.0; 6.0, 6.0;
30.0, 30.0; 4.0, 8.0;
-80.0, -60.0; 560.0, 20.0;
-60.0, -40.0; 40.0, 20.0;
0.0, -40.0; 20.0, 60.0;
40.0, 10.0; 60.0, 10.0;
70.0, 20.0; 60.0, 10.0;
100.0, 30.0; 60.0, 30.0;
-80.0, 80.0; 210.0, 20.0;
-40.0, 100.0; 50.0, 10.0;
0.0, 110.0; 10.0, 30.0;
70.0, 100.0; 30.0, 20.0;
-80.0, 140.0; 60.0, 20.0;
0.0, 170.0; 130.0, 10.0;
50.0, 170.0; 30.0, 20.0;
200.0, 90.0; 20.0, 40.0;
150.0, 240.0; 100.0, 10.0;
170.0, 270.0; 50.0, 10.0;
270.0, 310.0; 50.0, 10.0;
380.0, 290.0; 110.0, 10.0;
400.0, 304.0; 30.0, 20.0;
150.0, 140.0; 80.0, 10.0;
80.0, -40.0; 30.0, 10.0;
120.0, -40.0; 20.0, 20.0;
160.0, -40.0; 20.0, 30.0;
200.0, -40.0; 20.0, 50.0;
240.0, -40.0; 20.0, 70.0;
280.0, -40.0; 20.0, 80.0;
320.0, 40.0; 20.0, 20.0;
280.0, 70.0; 20.0, 20.0;
340.0, 80.0; 20.0, 20.0;
360.0, 120.0; 20.0, 20.0;
240.0, 110.0; 20.0, 20.0;
300.0, 120.0; 20.0, 20.0;
330.0, 160.0; 20.0, 20.0;
270.0, 150.0; 20.0, 20.0;
290.0, 190.0; 20.0, 20.0;
240.0, 200.0; 20.0, 20.0;
330.0, 220.0; 20.0, 20.0;
280.0, 230.0; 20.0, 20.0;
330.0, 260.0; 20.0, 20.0;